
52026 55147 58295 55694 55385 55052 
55147 57500 56248 57142 55505 56193 
58295 56248 56098 55176 53203 55701 
55694 57142 55176 55742 56129 55277 
55385 55505 53203 56129 53802 56058 
55052 56193 55701 55277 56058 52422 
